/*function getPositionPx(positions, maxLimit, midPxCanvas){
       
	//maxLimit is the limit from the center(0,0) to one of the limits of the canvas     
	//midPxCanvas is the location in pixels of the point (0,0) of the canvas, that could be of the X or Y. Example: 1920px(X) the center is 1920/2= 960px (X) / 1080px(Y) the center is 1080/2= 540 (Y)
	
    var positionsPx = [];
    
    for(var i=0; i < positions.length; i+=1){
        if(positions[i]==0){
            positionsPx.push(midPxCanvas);
        }else{
            //Change meters to px and then it add the px distance of the middle point to the border of the canvas
            //positionsPx.push(((positions[i]*midPxCanvas)/maxLengthPos)+midPxCanvas); 
            positionsPx.push(convertMtoPx(positions[i],maxLimit,midPxCanvas)+(midPxCanvas))
        }
    }
    return positionsPx;
}*/





	/*console.log("Funcion Ancho canvas : " +widthPx);
	console.log("Funcion pxpermeter : " + pxPerMeter);
	console.log("Funcion Media metros : " + xAverageMeters);
	console.log("------------------------------------------------");*/




 // core.push(Math.cos(radian(i)) * convertMtoPx(parseFloat(radius),simulacion.getMaxLimitX(),gl.canvas.width/2) +( gl.canvas.width/2 + convertMtoPx(parseFloat(posCoreX),simulacion.getMaxLimitX(),gl.canvas.width/2)),  Math.sin(radian(i)) * convertMtoPx(parseFloat(radius),simulacion.getMaxLimitY(),gl.canvas.height/2)+( gl.canvas.height/2 + convertMtoPx(parseFloat(posCoreY),simulacion.getMaxLimitY(),gl.canvas.height/2)));     
       
	   //console.log("VALOR ANTIGUO X: " + Math.cos(radian(i)) * convertMtoPx(parseFloat(radius),simulacion.getMaxLimitX(),gl.canvas.width/2) +( gl.canvas.width/2 + convertMtoPx(parseFloat(posCoreX),simulacion.getMaxLimitX(),gl.canvas.width/2)));
	  // console.log("VALOR ANTIGUO Y: " + Math.sin(radian(i)) * convertMtoPx(parseFloat(radius),simulacion.getMaxLimitY(),gl.canvas.height/2)+( gl.canvas.height/2 + convertMtoPx(parseFloat(posCoreY),simulacion.getMaxLimitY(),gl.canvas.height/2)));
	   
	   
	   //console.log("VALOR NUEVO X: " + (Math.cos(radian(i)) * getPositionVarPx(parseFloat(radius), gl.canvas.width, simulacion.getPxPerMeter(), simulacion.getXAverageMeters()) + (gl.canvas.width/2 + getPositionVarPx( parseFloat(posCoreX), gl.canvas.width , simulacion.getPxPerMeter(), simulacion.getXAverageMeters()))) * simulacion.getXAverageMeters());
	   //console.log("VALOR NUEVO Y: " + (Math.sin(radian(i)) * getPositionVarPx(parseFloat(radius), gl.canvas.height, simulacion.getPxPerMeter(), simulacion.getYAverageMeters()) + (gl.canvas.height/2 + getPositionVarPx( parseFloat(posCoreY), gl.canvas.height , simulacion.getPxPerMeter(), simulacion.getYAverageMeters()))) * simulacion.getYAverageMeters());			
	   


 /*let posPxColectorLX = getPositionPx(posColectorIzqX, simulacion.getMaxLimitX() , gl.canvas.width/2);
  let posPxColectorRX = getPositionPx(posColectorDchX, simulacion.getMaxLimitX() , gl.canvas.width/2);
  let posPxColectorY = getPositionPx(posColectorY, simulacion.getMaxLimitY() , gl.canvas.height/2);*/




//Calculate the maxCanvasLength X axis----------------------------------------------------------------------------------------------------------------------------------------------  
  
  /*
  
  let maxLengthLX = getMaxOfArray(posColectorIzqX);
  let minLengthLX = getMinOfArray(posColectorIzqX);
  
  let maxLengthRX = getMaxOfArray(posColectorDchX);
  let minLengthRX = getMinOfArray(posColectorDchX);

  if (minLengthLX<0) { minLengthLX = -minLengthLX; }
  if (minLengthRX<0) { minLengthRX = -minLengthRX; }

  let LengthLX = Math.max(maxLengthLX,minLengthLX);
  let LengthRX = Math.max(maxLengthLX,minLengthLX);
 
  
  


  let maxCanvasLengthX = Math.max(LengthLX,LengthRX);

  simulacion.setMaxLimitX(maxCanvasLengthX*1.15);
  
  //console.log(simulacion.getMaxLimitX());
  
  
  //Calculate the maxCanvasLength Y axis----------------------------------------------------------------------------------------------------------------------------------------------  

  
  let maxLengthY = getMaxOfArray(posColectorY);
  let minLengthY = getMinOfArray(posColectorY);

  if (minLengthY<0) { minLengthY = -minLengthY; }

  let maxCanvasLengthY = Math.max(maxLengthY,minLengthY);

  simulacion.setMaxLimitY(maxCanvasLengthY*1.15);*/
  
  //console.log(simulacion.getMaxLimitY());  



var posFinalColIzqX = [
363, 363, 363, 363, 363, 363, 363, 363, 363, 363, 363, 363, 363, 363, 363, 363, 363, 363, 363, 363, 363, 363, 363, 363, 363, 363, 363, 363, 363, 363, 363, 363, 363, 363, 363, 362, 362, 362, 362, 362, 362, 362, 362, 362, 361, 361, 361, 361, 361, 361, 360, 360, 360, 360, 360, 359, 359, 359, 359, 359, 358, 358, 358, 357, 357, 357, 357, 356, 356, 356, 355, 355, 355, 354, 354, 353, 353, 353, 352, 352, 351, 351, 350, 350, 350, 349, 349, 348, 347, 347, 346, 346, 345, 345, 344, 344, 343, 342, 342, 341, 340, 340, 339, 338, 338, 337, 336, 336, 335, 334, 333, 333, 332, 331, 330, 329, 328, 328, 327, 326, 325, 324, 323, 322, 321, 320, 319, 318, 318, 317, 316, 315, 313, 312, 311, 310, 309, 308, 307, 306, 305, 304, 303, 301, 300, 299, 298, 297, 295, 294, 293, 292, 291, 289, 288, 287, 285, 284, 283, 281, 280, 279, 277, 276, 275, 273, 272, 270, 269, 268, 266, 265, 263, 262, 260, 259, 257, 256, 254, 253, 251, 250, 248, 246, 245, 243, 242, 240, 239, 237, 235, 234, 232, 230, 229, 227, 225, 224, 222, 220, 219, 217, 215, 214, 212, 210, 209, 207, 205, 203, 202, 200, 198, 196, 195, 193, 191, 189, 188, 186, 184, 182, 181, 179, 177, 175, 173, 172, 170, 168, 166, 165, 163, 161, 159, 157, 156, 154, 152, 150, 149, 147, 145, 143, 141, 140, 138, 136, 134, 133, 131, 129, 127, 126, 124, 122, 120, 119, 117, 115, 114, 112, 110, 108, 107, 105, 103, 102, 100, 98, 97, 95, 94, 92, 90, 89, 87, 86, 84, 82, 81, 79, 78, 76, 75, 73, 72, 70, 69, 68, 66, 65, 63, 62, 61, 59, 58, 56, 55, 54, 53, 51, 50, 49, 48, 46, 45, 44, 43, 42, 41, 39, 38, 37, 36, 35, 34, 33, 32, 31, 30, 29, 28, 27, 27, 26, 25, 24, 23, 23, 22, 21, 20, 20, 19, 18, 18, 17, 17, 16, 16, 15, 15, 14, 14, 13, 13, 13, 12, 12, 12, 12, 11, 11, 11, 11, 11, 11, 11, 10, 10];

var posFinalColY = [
96, 96, 96, 96, 96, 96, 96, 96, 96, 96, 96, 95, 95, 95, 95, 95, 95, 95, 95, 94, 94, 94, 94, 94, 94, 93, 93, 93, 93, 92, 92, 92, 92, 91, 91, 91, 91, 90, 90, 90, 89, 89, 89, 88, 88, 88, 87, 87, 87, 86, 86, 85, 85, 85, 84, 84, 83, 83, 82, 82, 82, 81, 81, 80, 80, 79, 79, 78, 78, 77, 77, 76, 76, 75, 75, 74, 74, 73, 73, 72, 72, 71, 71, 70, 70, 69, 69, 68, 68, 67, 66, 66, 65, 65, 64, 64, 63, 63, 62, 62, 61, 60, 60, 59, 59, 58, 58, 57, 57, 56, 56, 55, 54, 54, 53, 53, 52, 52, 51, 51, 50, 50, 49, 49, 48, 48, 47, 47, 46, 46, 45, 45, 44, 44, 43, 43, 43, 42, 42, 41, 41, 40, 40, 40, 39, 39, 39, 38, 38, 38, 37, 37, 37, 36, 36, 36, 35, 35, 35, 35, 34, 34, 34, 34, 33, 33, 33, 33, 33, 33, 32, 32, 32, 32, 32, 32, 32, 32, 32, 32, 32, 32, 32, 32, 32, 32, 32, 32, 32, 32, 33, 33, 33, 33, 33, 33, 34, 34, 34, 34, 35, 35, 35, 36, 36, 36, 37, 37, 38, 38, 39, 39, 39, 40, 41, 41, 42, 42, 43, 43, 44, 45, 45, 46, 47, 47, 48, 49, 50, 51, 51, 52, 53, 54, 55, 56, 57, 58, 59, 60, 61, 62, 63, 64, 65, 66, 67, 68, 70, 71, 72, 73, 74, 76, 77, 78, 80, 81, 82, 84, 85, 87, 88, 90, 91, 93, 94, 96, 97, 99, 101, 102, 104, 106, 107, 109, 111, 113, 114, 116, 118, 120, 122, 124, 125, 127, 129, 131, 133, 135, 137, 139, 141, 143, 146, 148, 150, 152, 154, 156, 159, 161, 163, 165, 168, 170, 172, 175, 177, 179, 182, 184, 187, 189, 191, 194, 196, 199, 201, 204, 207, 209, 212, 214, 217, 220, 222, 225, 228, 230, 233, 236, 239, 241, 244, 247, 250, 253, 255, 258, 261, 264, 267, 270, 273, 276, 279, 281, 284, 287, 290, 293, 296, 299, 302, 305, 308, 311, 315, 318, 321];

var posFinalColDchX = [
363, 363, 363, 363, 363, 363, 363, 363, 363, 364, 364, 364, 364, 364, 364, 364, 364, 364, 364, 364, 364, 364, 364, 364, 364, 364, 364, 364, 364, 364, 364, 364, 364, 364, 364, 365, 365, 365, 365, 365, 365, 365, 365, 365, 366, 366, 366, 366, 366, 366, 367, 367, 367, 367, 367, 368, 368, 368, 368, 368, 369, 369, 369, 370, 370, 370, 370, 371, 371, 371, 372, 372, 372, 373, 373, 374, 374, 374, 375, 375, 376, 376, 377, 377, 377, 378, 378, 379, 379, 380, 381, 381, 382, 382, 383, 383, 384, 385, 385, 386, 387, 387, 388, 389, 389, 390, 391, 391, 392, 393, 394, 394, 395, 396, 397, 398, 398, 399, 400, 401, 402, 403, 404, 405, 406, 407, 408, 408, 409, 410, 411, 412, 413, 415, 416, 417, 418, 419, 420, 421, 422, 423, 424, 426, 427, 428, 429, 430, 431, 433, 434, 435, 436, 438, 439, 440, 442, 443, 444, 446, 447, 448, 450, 451, 452, 454, 455, 457, 458, 459, 461, 462, 464, 465, 467, 468, 470, 471, 473, 474, 476, 477, 479, 481, 482, 484, 485, 487, 488, 490, 492, 493, 495, 497, 498, 500, 502, 503, 505, 507, 508, 510, 512, 513, 515, 517, 518, 520, 522, 524, 525, 527, 529, 531, 532, 534, 536, 538, 539, 541, 543, 545, 546, 548, 550, 552, 554, 555, 557, 559, 561, 562, 564, 566, 568, 570, 571, 573, 575, 577, 578, 580, 582, 584, 586, 587, 589, 591, 593, 594, 596, 598, 600, 601, 603, 605, 607, 608, 610, 612, 613, 615, 617, 619, 620, 622, 624, 625, 627, 629, 630, 632, 633, 635, 637, 638, 640, 641, 643, 644, 646, 648, 649, 651, 652, 654, 655, 657, 658, 659, 661, 662, 664, 665, 666, 668, 669, 671, 672, 673, 674, 676, 677, 678, 679, 681, 682, 683, 684, 685, 686, 688, 689, 690, 691, 692, 693, 694, 695, 696, 697, 698, 699, 699, 700, 701, 702, 703, 704, 704, 705, 706, 707, 707, 708, 709, 709, 710, 710, 711, 711, 712, 712, 713, 713, 714, 714, 714, 715, 715, 715, 715, 716, 716, 716, 716, 716, 716, 716, 716, 716
];

var posFinalRayosX = [
17, 10, 57, 169, 290, 359, 366, 20, 11, 75, 212, 335, 487, 24, 11, 96, 252, 357, 352, 28, 12, 111, 276, 363, 364, 371, 31, 13, 128, 302, 571, 35, 14, 146, 324, 471, 38, 16, 164, 342, 399, 42, 17, 183, 356, 302, 45, 19, 193, 360, 243, 49, 21, 212, 708, 623, 52, 22, 223, 715, 643, 56, 24, 234, 731, 59, 26, 253, 611, 63, 28, 264, 564, 66, 30, 274, 525, 70, 32, 284, 492, 73, 34, 294, 456, 77, 36, 310, 402, 80, 38, 318, 376, 84, 41, 327, 347, 87, 43, 334, 314, 91, 45, 341, 286, 94, 47, 343, 278, 98, 50, 349, 238, 102, 52, 354, 187, 105, 55, 358, 106, 109, 57, 362, 12, 75, 112, 60, 578, 686, 116, 62, 597, 655, 119, 65, 604, 646, 123, 67, 621, 626, 126, 70, 637, 608, 130, 72, 651, 596, 133, 75, 663, 590, 137, 78, 668, 585, 140, 80, 679, 580, 144, 83, 688, 577, 147, 86, 691, 577, 151, 88, 699, 580, 154, 91, 705, 581, 158, 94, 709, 588, 161, 97, 711, 592, 165, 99, 714, 605, 169, 102, 716, 625, 172, 105, 716, 636, 176, 108, 750, 179, 111, 698, 183, 114, 654, 186, 116, 639, 190, 119, 603, 193, 122, 572, 197, 125, 561, 200, 128, 535, 204, 131, 512, 207, 134, 504, 211, 137, 483, 214, 140, 465, 218, 143, 459, 221, 146, 442, 225, 149, 427, 228, 152, 413, 232, 155, 409, 236, 158, 396, 239, 162, 384, 243, 165, 372, 246, 168, 369, 250, 171, 358, 253, 174, 348, 257, 177, 338, 260, 180, 335, 264, 184, 326, 267, 187, 317, 271, 190, 309, 274, 193, 300, 278, 197, 292, 281, 200, 290, 285, 203, 282, 288, 206, 274, 292, 210, 267, 295, 213, 259, 299, 216, 252, 303, 220, 244, 306, 223, 237, 310, 227, 229, 313, 230, 222, 317, 233, 214, 320, 237, 207, 324, 240, 194, 327, 244, 186, 331, 247, 178, 334, 251, 170, 338, 254, 156, 341, 258, 148, 345, 261, 139, 348, 265, 123, 352, 269, 114, 355, 272, 97, 359, 276, 79, 362, 280, 67, 366, 283, 47, 370, 287, 25, 373, 291, 0, 377, 295, 11, 43, 380, 299, 13, 58, 384, 302, 16, 68, 387, 306, 23, 76, 391, 310, 30, 79, 394, 314, 41, 78, 398, 318, 54, 74, 401, 322, 73, 62, 405, 327, 90, 52, 408, 331, 112, 29, 412, 335, 141, 11, 26, 415, 340, 170, 20, 40, 419, 344, 203, 47, 30, 422, 349, 244, 103, 15, 27, 426, 354, 291, 190, 88, 21, 20, 429, 361, 349, 328, 300, 264, 222, 175, 127, 82, 45, 20, 8, 433, 365, 441, 583, 697, 699, 436, 367, 497, 673, 694, 440, 370, 544, 711, 685, 444, 372, 583, 708, 447, 375, 611, 676, 451, 377, 638, 654, 454, 380, 663, 638, 458, 383, 680, 634, 461, 386, 692, 632, 465, 389, 704, 637, 468, 392, 711, 649, 472, 395, 715, 666, 475, 398, 716, 685, 479, 401, 708, 482, 404, 682, 486, 407, 650, 489, 410, 630, 493, 413, 610, 496, 416, 593, 500, 419, 576, 503, 422, 560, 507, 426, 545, 511, 429, 537, 514, 432, 523, 518, 435, 509, 521, 439, 501, 525, 442, 488, 528, 445, 481, 532, 449, 468, 535, 452, 460, 539, 456, 448, 542, 459, 440, 546, 463, 427, 549, 466, 419, 553, 469, 412, 556, 473, 398, 560, 476, 390, 563, 480, 382, 567, 484, 373, 570, 487, 358, 574, 491, 349, 578, 494, 340, 581, 498, 330, 585, 502, 312, 588, 505, 301, 592, 509, 289, 595, 513, 277, 599, 516, 264, 602, 520, 240, 606, 524, 224, 609, 528, 207, 613, 532, 189, 616, 535, 170, 620, 539, 133, 623, 543, 108, 627, 547, 80, 630, 551, 49, 634, 555, 13, 637, 559, 11, 69, 641, 563, 12, 90, 645, 567, 14, 104, 648, 571, 17, 117, 652, 575, 25, 123, 655, 580, 31, 126, 659, 584, 39, 127, 662, 588, 54, 119, 666, 592, 65, 112, 669, 597, 365, 361, 337, 673, 601, 367, 561, 676, 605, 372, 469, 680, 610, 375, 438, 683, 614, 383, 388, 687, 619, 393, 342, 690, 624, 403, 296, 694, 628, 409, 277, 697, 633, 422, 225, 701, 638, 435, 169, 704, 643, 456, 44, 708, 648, 470, 364, 363, 354, 711, 654, 493, 372, 370, 715, 659, 508, 381, 309, 719, 665, 530, 400, 207, 719, 710];

var posFinalRayosY = [
343, 319, 151, 50, 36, 83, 343, 343, 307, 125, 36, 56, 343, 343, 296, 101, 32, 80, 343, 343, 286, 87, 34, 94, 92, 343, 343, 277, 74, 40, 343, 343, 268, 62, 50, 343, 343, 260, 53, 62, 343, 343, 252, 45, 78, 343, 343, 245, 41, 86, 343, 343, 238, 36, 246, 343, 343, 232, 34, 284, 343, 343, 225, 33, 343, 343, 219, 32, 343, 343, 213, 32, 343, 343, 207, 33, 343, 343, 202, 35, 343, 343, 197, 37, 343, 343, 191, 43, 343, 343, 186, 47, 343, 343, 181, 51, 343, 343, 177, 56, 343, 343, 172, 62, 343, 343, 168, 63, 343, 343, 163, 69, 343, 343, 159, 75, 343, 343, 155, 82, 343, 343, 151, 89, 291, 343, 343, 147, 60, 343, 343, 143, 73, 343, 343, 139, 78, 343, 343, 136, 92, 343, 343, 132, 107, 343, 343, 129, 124, 343, 343, 125, 141, 343, 343, 122, 148, 343, 343, 119, 166, 343, 343, 116, 185, 343, 343, 113, 192, 343, 343, 110, 212, 343, 343, 107, 231, 343, 343, 104, 251, 343, 343, 101, 260, 343, 343, 98, 280, 343, 343, 95, 301, 343, 343, 93, 309, 343, 343, 90, 343, 343, 88, 343, 343, 85, 343, 343, 83, 343, 343, 81, 343, 343, 78, 343, 343, 76, 343, 343, 74, 343, 343, 72, 343, 343, 70, 343, 343, 68, 343, 343, 66, 343, 343, 64, 343, 343, 62, 343, 343, 60, 343, 343, 59, 343, 343, 57, 343, 343, 55, 343, 343, 54, 343, 343, 52, 343, 343, 51, 343, 343, 49, 343, 343, 48, 343, 343, 47, 343, 343, 45, 343, 343, 44, 343, 343, 43, 343, 343, 42, 343, 343, 41, 343, 343, 40, 343, 343, 39, 343, 343, 38, 343, 343, 37, 343, 343, 37, 343, 343, 36, 343, 343, 35, 343, 343, 35, 343, 343, 34, 343, 343, 33, 343, 343, 33, 343, 343, 33, 343, 343, 32, 343, 343, 32, 343, 343, 32, 343, 343, 32, 343, 343, 32, 343, 343, 32, 343, 343, 32, 343, 343, 32, 343, 343, 32, 343, 343, 33, 343, 343, 33, 343, 343, 34, 343, 343, 34, 343, 343, 35, 343, 343, 36, 343, 343, 37, 343, 343, 38, 307, 343, 343, 39, 283, 343, 343, 40, 260, 343, 343, 41, 229, 343, 343, 43, 208, 343, 343, 45, 181, 343, 343, 47, 156, 343, 343, 49, 127, 343, 343, 51, 108, 343, 343, 54, 86, 343, 343, 57, 65, 310, 343, 343, 60, 50, 242, 343, 343, 64, 38, 170, 343, 343, 69, 32, 95, 263, 343, 343, 75, 37, 42, 109, 236, 343, 343, 86, 69, 52, 39, 32, 34, 48, 75, 117, 173, 242, 343, 343, 89, 36, 63, 207, 343, 343, 84, 33, 156, 343, 343, 80, 45, 257, 343, 343, 76, 64, 343, 343, 73, 83, 343, 343, 70, 109, 343, 343, 67, 140, 343, 343, 64, 170, 343, 343, 62, 195, 343, 343, 59, 231, 343, 343, 57, 261, 343, 343, 55, 292, 343, 343, 53, 316, 343, 343, 51, 343, 343, 49, 343, 343, 48, 343, 343, 46, 343, 343, 45, 343, 343, 43, 343, 343, 42, 343, 343, 41, 343, 343, 40, 343, 343, 39, 343, 343, 38, 343, 343, 37, 343, 343, 36, 343, 343, 35, 343, 343, 35, 343, 343, 34, 343, 343, 33, 343, 343, 33, 343, 343, 33, 343, 343, 32, 343, 343, 32, 343, 343, 32, 343, 343, 32, 343, 343, 32, 343, 343, 32, 343, 343, 32, 343, 343, 32, 343, 343, 32, 343, 343, 33, 343, 343, 33, 343, 343, 34, 343, 343, 34, 343, 343, 35, 343, 343, 36, 343, 343, 36, 343, 343, 37, 343, 343, 38, 343, 343, 39, 343, 343, 40, 343, 343, 42, 343, 343, 43, 343, 343, 44, 343, 343, 46, 343, 343, 47, 343, 343, 49, 343, 343, 51, 312, 343, 343, 53, 292, 343, 343, 55, 273, 343, 343, 57, 253, 343, 343, 59, 222, 343, 343, 61, 203, 343, 343, 64, 185, 343, 343, 67, 156, 343, 343, 69, 139, 343, 343, 72, 91, 88, 343, 343, 75, 86, 343, 343, 79, 77, 343, 343, 82, 72, 343, 343, 86, 64, 343, 343, 90, 56, 343, 343, 94, 49, 343, 343, 99, 46, 343, 343, 104, 41, 343, 343, 109, 37, 343, 343, 115, 33, 343, 343, 121, 32, 93, 91, 343, 343, 127, 33, 77, 343, 343, 135, 35, 66, 343, 343, 143, 40, 51, 343, 343, 311];

----------------------------php------------------------------------------------------------------
// Recibir las variables del POST
$nSim = $_POST['nSim'];
$id = $_POST['id'];
$incidencia = $_POST['incidencia'];

$respuesta = array(
    "mensaje1" => "¡Hola, Usuario, estas utilizando la simulación nº". $nSim . " !",
	"mensaje2" => "¡Hola, Usuario, la incidencia usada es la ". $incidencia . " !",
    "rayosX" => array(-0.040094037, -0.040839904, -0.035441986, -0.022512859, -0.008487487, -0.000523409, 0.000265845, -0.03968613, -0.040809179, -0.03335655, -0.017487044, -0.003348244, 0.014292585, -0.039278223, -0.040739887, -0.030952492, -0.012860693, -0.000749506, -0.001281415, -0.038870315, -0.04064103, -0.029161987, -0.010140401, -3.68691e-05, 8.37114e-05, 0.00084175, -0.038462408, -0.040519272, -0.027241739, -0.00705806, 0.023967896, -0.038054501, -0.040378618, -0.02521333, -0.004515188, 0.012400162, -0.037646594, -0.040222127, -0.023100709, -0.002538891, 0.004081476, -0.037238687, -0.040052179, -0.02092886, -0.000837228, -0.007069627, -0.03683078, -0.039870098, -0.019695514, -0.00035455, -0.01392611, -0.036422873, -0.039677803, -0.017474066, 0.039904699, 0.030004508, -0.036014966, -0.039476034, -0.016217507, 0.040620286, 0.032355235, -0.035607059, -0.039266097, -0.01496073, 0.042535983, -0.035199152, -0.039048305, -0.012780394, 0.028655066, -0.034791245, -0.038823604, -0.011560813, 0.023173971, -0.034383338, -0.038592556, -0.010364209, 0.018662182, -0.033975431, -0.038355601, -0.009196749, 0.014847721, -0.033567524, -0.038113132, -0.008065334, 0.010745686, -0.033159617, -0.037865457, -0.006211109, 0.004413121, -0.03275171, -0.037612928, -0.005211272, 0.001455702, -0.032343803, -0.037355869, -0.004270651, -0.001908037, -0.031935896, -0.03709453, -0.003395549, -0.005717602, -0.031527989, -0.036829135, -0.002593071, -0.008926557, -0.031120082, -0.036559851, -0.002385935, -0.009866474, -0.030712175, -0.036286859, -0.001687154, -0.014500167, -0.030304268, -0.036010361, -0.001080246, -0.020439673, -0.02989636, -0.035730514, -0.000577344, -0.029752623, -0.029488453, -0.035447464, -0.000198009, -0.040694947, -0.033382121, -0.029080546, -0.035161342, 0.024789516, 0.03735162, -0.028672639, -0.034872271, 0.027040171, 0.033690412, -0.028264732, -0.034580308, 0.027861465, 0.032721109, -0.027856825, -0.034285491, 0.029833034, 0.0303396, -0.027448918, -0.03398803, 0.03162058, 0.028272061, -0.027041011, -0.033688014, 0.033234991, 0.026903948, -0.026633104, -0.033385523, 0.034683653, 0.026159833, -0.026225197, -0.033080469, 0.035219899, 0.025625431, -0.02581729, -0.032773054, 0.036446925, 0.025076728, -0.025409383, -0.032463374, 0.037518093, 0.024667023, -0.025001476, -0.032151482, 0.037908079, 0.024749968, -0.024593569, -0.031837243, 0.038765615, 0.025061845, -0.024185662, -0.031520908, 0.039471839, 0.02510882, -0.023777755, -0.031202524, 0.040029588, 0.025951079, -0.023369848, -0.030882023, 0.040215406, 0.026434665, -0.022961941, -0.030559466, 0.040567192, 0.027947029, -0.022554034, -0.030234986, 0.040774738, 0.030252208, -0.022146127, -0.029908571, 0.040818852, 0.031573347, -0.02173822, -0.029580145, 0.044718304, -0.021330313, -0.029249896, 0.03872595, -0.020922405, -0.028917853, 0.033642684, -0.020514498, -0.028583843, 0.03181876, -0.020106591, -0.028248089, 0.027713922, -0.019698684, -0.027910613, 0.024118916, -0.019290777, -0.027571286, 0.022858931, -0.01888287, -0.027230236, 0.019837091, -0.018474963, -0.02688752, 0.017128716, -0.018067056, -0.026543056, 0.016206827, -0.017659149, -0.026196873, 0.013861167, -0.017251242, -0.025849064, 0.011721034, -0.016843335, -0.025499608, 0.011015727, -0.016435428, -0.025148412, 0.009118085, -0.016027521, -0.024795619, 0.007361563, -0.015619614, -0.024441234, 0.005727265, -0.015211707, -0.02408516, 0.005213922, -0.0148038, -0.023727455, 0.003726207, -0.014395893, -0.023368169, 0.002326101, -0.013987986, -0.023007301, 0.001002851, -0.013580079, -0.022644744, 0.000606142, -0.013172172, -0.022280585, -0.000624311, -0.012764265, -0.021914841, -0.001798412, -0.012356358, -0.021547506, -0.002922841, -0.01194845, -0.021178533, -0.003246203, -0.011540543, -0.020807898, -0.004310828, -0.011132636, -0.020435655, -0.005338982, -0.010724729, -0.020061793, -0.006335162, -0.010316822, -0.019686298, -0.00730344, -0.009908915, -0.019309158, -0.008247524, -0.009501008, -0.018930343, -0.008506103, -0.009093101, -0.018549815, -0.00942218, -0.008685194, -0.018167602, -0.010321828, -0.008277287, -0.017783684, -0.011207899, -0.00786938, -0.017398039, -0.012083086, -0.007461473, -0.017010646, -0.012949948, -0.007053566, -0.01662148, -0.013810942, -0.006645659, -0.016230516, -0.014668449, -0.006237752, -0.015837725, -0.015524796, -0.005829845, -0.01544308, -0.016382285, -0.005421938, -0.015046547, -0.017243206, -0.005014031, -0.014648094, -0.018109871, -0.004606124, -0.014247631, -0.019624979, -0.004198217, -0.013845147, -0.020517584, -0.00379031, -0.013440613, -0.02142474, -0.003382403, -0.013033987, -0.022349136, -0.002974496, -0.012625173, -0.023980908, -0.002566588, -0.012214074, -0.024963745, -0.002158681, -0.011800716, -0.025975065, -0.001750774, -0.011384915, -0.027770228, -0.001342867, -0.010966661, -0.028873574, -0.00093496, -0.010545792, -0.030838578, -0.000527053, -0.010122291, -0.032935272, -0.000119146, -0.009695887, -0.034259437, 0.000288761, -0.009266553, -0.036629615, 0.000696668, -0.008834115, -0.039212645, 0.001104575, -0.008398376, -0.04205323, 0.001512482, -0.007959123, -0.040809869, -0.03705189, 0.001920389, -0.007516121, -0.04060455, -0.035362308, 0.002328296, -0.007069112, -0.040217959, -0.034197382, 0.002736203, -0.006617705, -0.039393128, -0.033230883, 0.00314411, -0.006161569, -0.038630589, -0.032951641, 0.003552017, -0.005700139, -0.037330694, -0.033000041, 0.003959924, -0.005232885, -0.035808094, -0.03353347, 0.004367831, -0.004759045, -0.03355437, -0.034863815, 0.004775738, -0.004277566, -0.031675949, -0.035985668, 0.005183645, -0.003787214, -0.029084036, -0.038733977, 0.005591552, -0.003286104, -0.025748723, -0.040822606, -0.039090115, 0.005999459, -0.002771526, -0.02241265, -0.039788096, -0.037408451, 0.006407367, -0.002239112, -0.018552243, -0.036672052, -0.038606061, 0.006815274, -0.001680718, -0.0138145, -0.0301792, -0.040271607, -0.038960437, 0.007223181, -0.001077647, -0.008399595, -0.02003172, -0.031818205, -0.039616632, -0.039724546, 0.007631088, -0.00034138, -0.00169463, -0.004147107, -0.007327001, -0.011460779, -0.016393582, -0.021822824, -0.027376742, -0.032557674, -0.036876994, -0.039790761, -0.041121762, 0.008038995, 0.000175074, 0.008925496, 0.025347629, 0.038568539, 0.038844365, 0.008446902, 0.000426841, 0.015504036, 0.035797438, 0.038264844, 0.008854809, 0.000702458, 0.020932355, 0.040164651, 0.037224528, 0.009262716, 0.000993056, 0.025416688, 0.03982311, 0.009670623, 0.001294648, 0.028645424, 0.036141862, 0.01007853, 0.001604921, 0.031761764, 0.03365826, 0.010486437, 0.001922419, 0.034625902, 0.031740354, 0.010894344, 0.002246128, 0.036674708, 0.031293663, 0.011302251, 0.002575307, 0.03803761, 0.031109035, 0.011710158, 0.002909375, 0.039452563, 0.031639759, 0.012118065, 0.003247912, 0.040235213, 0.03304671, 0.012525972, 0.00359053, 0.040707129, 0.03502711, 0.012933879, 0.003936971, 0.0408365, 0.037203118, 0.013341786, 0.004286981, 0.03989649, 0.013749693, 0.004640329, 0.036901135, 0.0141576, 0.004996871, 0.033178872, 0.014565507, 0.005356476, 0.03078728, 0.014973414, 0.005718984, 0.028578641, 0.015381322, 0.006084292, 0.026521873, 0.015789229, 0.006452308, 0.024591447, 0.016197136, 0.006822945, 0.02276607, 0.016605043, 0.007196122, 0.021027708, 0.01701295, 0.007571807, 0.020048716, 0.017420857, 0.007949945, 0.018419508, 0.017828764, 0.008330436, 0.016840446, 0.018236671, 0.008713272, 0.015943984, 0.018644578, 0.009098442, 0.014422544, 0.019052485, 0.009485835, 0.013553372, 0.019460392, 0.009875544, 0.012063078, 0.019868299, 0.010267419, 0.011205367, 0.020276206, 0.010661555, 0.009721629, 0.020684113, 0.011057859, 0.008860239, 0.02109202, 0.011456333, 0.0073588, 0.021499927, 0.011857035, 0.00647832, 0.021907834, 0.012259866, 0.005586109, 0.022315741, 0.012664877, 0.004017525, 0.022723648, 0.013072108, 0.003082555, 0.023131555, 0.013481491, 0.002125837, 0.023539462, 0.013893036, 0.001144111, 0.023947369, 0.014306847, -0.000596435, 0.024355277, 0.014722878, -0.001660176, 0.024763184, 0.015141126, -0.002763284, 0.025171091, 0.015561615, -0.003910783, 0.025578998, 0.015984412, -0.005958804, 0.025986905, 0.016409566, -0.007248662, 0.026394812, 0.016837052, -0.008606535, 0.026802719, 0.017266906, -0.010041239, 0.027210626, 0.01769917, -0.011562919, 0.027618533, 0.018133916, -0.01430198, 0.02802644, 0.018571237, -0.016105976, 0.028434347, 0.019011117, -0.018048706, 0.028842254, 0.019453614, -0.020151182, 0.029250161, 0.019898791, -0.022438617, 0.029658068, 0.020346728, -0.026616389, 0.030065975, 0.020797603, -0.029531925, 0.030473882, 0.021251392, -0.032776084, 0.030881789, 0.021708186, -0.03641447, 0.031289696, 0.022168081, -0.040531052, 0.031697603, 0.022631275, -0.040828905, -0.034119171, 0.03210551, 0.023097878, -0.040707795, -0.03166254, 0.032513417, 0.023567947, -0.040453746, -0.030000756, 0.032921324, 0.024041621, -0.040064531, -0.028470856, 0.033329231, 0.024519263, -0.039156877, -0.027805127, 0.033737139, 0.025000877, -0.038409168, -0.027478083, 0.034145046, 0.025486625, -0.037521392, -0.027352048, 0.034552953, 0.025977024, -0.035792278, -0.028330594, 0.03496086, 0.026472032, -0.034524515, -0.029064037, 0.035368767, 0.026972132, 0.000132632, -0.000251284, -0.003094282, 0.035776674, 0.027477579, 0.000357646, 0.02280398, 0.036184581, 0.027988829, 0.000964876, 0.012182991, 0.036592488, 0.028506212, 0.001379385, 0.008619671, 0.037000395, 0.029030498, 0.00229283, 0.002856639, 0.037408302, 0.029562049, 0.003375221, -0.002478472, 0.037816209, 0.030101647, 0.004607369, -0.007759918, 0.038224116, 0.030650302, 0.005314927, -0.009978253, 0.038632023, 0.031209048, 0.006734563, -0.015964261, 0.03903993, 0.031779141, 0.008254048, -0.022543701, 0.039447837, 0.032362466, 0.010655334, -0.036961544, 0.039855744, 0.03296111, 0.012345859, 4.5293e-05, -0.00010025, -0.001114256, 0.040263651, 0.033577819, 0.014941861, 0.000983235, 0.000713463, 0.040671558, 0.034217143, 0.016675983, 0.002000464, -0.00628601, 0.041079465, 0.034884896, 0.019284087, 0.004256338, -0.018099194, 0.041079465, 0.040094037),
	"rayosY" => array(0.0156, 0.01281639, -0.00664818, -0.01828964, -0.01988771, -0.01451592, 0.0156, 0.0156, 0.01140872, -0.00963712, -0.01994293, -0.01757699, 0.0156, 0.0156, 0.01014499, -0.01236473, -0.02041974, -0.01490046, 0.0156, 0.0156, 0.0089916, -0.01403204, -0.02021255, -0.0132687, -0.01346169, 0.0156, 0.0156, 0.00792368, -0.01554451, -0.01946785, 0.0156, 0.0156, 0.00692628, -0.01687868, -0.01832607, 0.0156, 0.0156, 0.00598798, -0.01801558, -0.01693802, 0.0156, 0.0156, 0.00509991, -0.01894161, -0.01503624, 0.0156, 0.0156, 0.00425711, -0.0193645, -0.01418215, 0.0156, 0.0156, 0.00345244, -0.01994562, 0.00441003, 0.0156, 0.0156, 0.00268312, -0.02017317, 0.00878692, 0.0156, 0.0156, 0.00194429, -0.02032768, 0.0156, 0.0156, 0.00123476, -0.02041903, 0.0156, 0.0156, 0.00055103, -0.02036864, 0.0156, 0.0156, -0.00010901, -0.02024429, 0.0156, 0.0156, -0.00074702, -0.02004703, 0.0156, 0.0156, -0.00136444, -0.01977794, 0.0156, 0.0156, -0.00196243, -0.01914953, 0.0156, 0.0156, -0.00254232, -0.01869737, 0.0156, 0.0156, -0.00310529, -0.01818328, 0.0156, 0.0156, -0.00365228, -0.01761104, 0.0156, 0.0156, -0.00418415, -0.01698467, 0.0156, 0.0156, -0.0047015, -0.0168033, 0.0156, 0.0156, -0.00520501, -0.01611443, 0.0156, 0.0156, -0.00569543, -0.01538259, 0.0156, 0.0156, -0.00617336, -0.01461307, 0.0156, 0.0156, -0.00663933, -0.01381109, 0.00957145, 0.0156, 0.0156, -0.00709384, -0.01712648, 0.0156, 0.0156, -0.00753734, -0.01568858, 0.0156, 0.0156, -0.00797005, -0.01508471, 0.0156, 0.0156, -0.00839211, -0.01343867, 0.0156, 0.0156, -0.0088043, -0.01166916, 0.0156, 0.0156, -0.00920695, -0.00979132, 0.0156, 0.0156, -0.00960037, -0.00781827, 0.0156, 0.0156, -0.00998422, -0.00700252, 0.0156, 0.0156, -0.01035926, -0.0049119, 0.0156, 0.0156, -0.01072585, -0.00275284, 0.0156, 0.0156, -0.01108419, -0.00186104, 0.0156, 0.0156, -0.01143376, 0.00038072, 0.0156, 0.0156, -0.01177551, 0.00266773, 0.0156, 0.0156, -0.01210962, 0.0049913, 0.0156, 0.0156, -0.01243582, 0.00595082, 0.0156, 0.0156, -0.01275435, 0.00831391, 0.0156, 0.0156, -0.0130657, 0.01069339, 0.0156, 0.0156, -0.01336984, 0.01167562, 0.0156, 0.0156, -0.01366646, 0.0156, 0.0156, -0.01395629, 0.0156, 0.0156, -0.01423941, 0.0156, 0.0156, -0.0145152, 0.0156, 0.0156, -0.01478448, 0.0156, 0.0156, -0.01504733, 0.0156, 0.0156, -0.01530328, 0.0156, 0.0156, -0.01555279, 0.0156, 0.0156, -0.01579609, 0.0156, 0.0156, -0.01603286, 0.0156, 0.0156, -0.01626322, 0.0156, 0.0156, -0.01648751, 0.0156, 0.0156, -0.01670565, 0.0156, 0.0156, -0.0169173, 0.0156, 0.0156, -0.01712299, 0.0156, 0.0156, -0.01732273, 0.0156, 0.0156, -0.01751618, 0.0156, 0.0156, -0.01770353, 0.0156, 0.0156, -0.01788499, 0.0156, 0.0156, -0.01806054, 0.0156, 0.0156, -0.01822979, 0.0156, 0.0156, -0.01839306, 0.0156, 0.0156, -0.01855042, 0.0156, 0.0156, -0.01870183, 0.0156, 0.0156, -0.01884714, 0.0156, 0.0156, -0.01898624, 0.0156, 0.0156, -0.01911934, 0.0156, 0.0156, -0.0192464, 0.0156, 0.0156, -0.01936736, 0.0156, 0.0156, -0.01948218, 0.0156, 0.0156, -0.01959076, 0.0156, 0.0156, -0.01969294, 0.0156, 0.0156, -0.01978883, 0.0156, 0.0156, -0.01987835, 0.0156, 0.0156, -0.01996144, 0.0156, 0.0156, -0.020038, 0.0156, 0.0156, -0.02010794, 0.0156, 0.0156, -0.02017117, 0.0156, 0.0156, -0.02022759, 0.0156, 0.0156, -0.02027708, 0.0156, 0.0156, -0.02031953, 0.0156, 0.0156, -0.02035481, 0.0156, 0.0156, -0.0203826, 0.0156, 0.0156, -0.02040283, 0.0156, 0.0156, -0.02041542, 0.0156, 0.0156, -0.0204202, 0.0156, 0.0156, -0.02041682, 0.0156, 0.0156, -0.02040491, 0.0156, 0.0156, -0.02038456, 0.0156, 0.0156, -0.0203551, 0.0156, 0.0156, -0.02031649, 0.0156, 0.0156, -0.02026811, 0.0156, 0.0156, -0.02020991, 0.0156, 0.0156, -0.02014088, 0.0156, 0.0156, -0.02006092, 0.0156, 0.0156, -0.01996937, 0.0156, 0.0156, -0.0198655, 0.0156, 0.0156, -0.01974851, 0.01142629, 0.0156, 0.0156, -0.01961753, 0.00864323, 0.0156, 0.0156, -0.01947161, 0.00596494, 0.0156, 0.0156, -0.01930926, 0.00238481, 0.0156, 0.0156, -0.01912927, -3.0823e-06, 0.0156, 0.0156, -0.01892952, -0.00315867, 0.0156, 0.0156, -0.01870803, -0.00604296, 0.0156, 0.0156, -0.01846196, -0.00938246, 0.0156, 0.0156, -0.01818739, -0.01160927, 0.0156, 0.0156, -0.0178797, -0.01409874, 0.0156, 0.0156, -0.01753186, -0.01655082, 0.01179851, 0.0156, 0.0156, -0.01713376, -0.01833478, 0.00390441, 0.0156, 0.0156, -0.0166691, -0.0196923, -0.00448823, 0.0156, 0.0156, -0.01610747, -0.02040404, -0.01311818, 0.00626984, 0.0156, 0.0156, -0.01537911, -0.01986581, -0.01925631, -0.01145472, 0.00321158, 0.0156, 0.0156, -0.01415366, -0.01612252, -0.01810855, -0.01955762, -0.0203612, -0.02014572, -0.018589, -0.01544658, -0.01061545, -0.00408936, 0.00391573, 0.0156, 0.0156, -0.01374855, -0.01998968, -0.01679801, -0.00017591, 0.0156, 0.0156, -0.01433128, -0.02026987, -0.00606087, 0.0156, 0.0156, -0.01482499, -0.01894032, 0.00567506, 0.0156, 0.0156, -0.01526279, -0.0167561, 0.0156, 0.0156, -0.01565956, -0.01446489, 0.0156, 0.0156, -0.01602394, -0.01151643, 0.0156, 0.0156, -0.01636135, -0.00790309, 0.0156, 0.0156, -0.01667558, -0.00448319, 0.0156, 0.0156, -0.0169694, -0.00154933, 0.0156, 0.0156, -0.01724497, 0.00259703, 0.0156, 0.0156, -0.01750386, 0.00606035, 0.0156, 0.0156, -0.01774752, 0.00971806, 0.0156, 0.0156, -0.01797692, 0.01244149, 0.0156, 0.0156, -0.01819299, 0.0156, 0.0156, -0.01839661, 0.0156, 0.0156, -0.01858831, 0.0156, 0.0156, -0.01876857, 0.0156, 0.0156, -0.01893801, 0.0156, 0.0156, -0.01909699, 0.0156, 0.0156, -0.01924586, 0.0156, 0.0156, -0.01938496, 0.0156, 0.0156, -0.01951457, 0.0156, 0.0156, -0.01963483, 0.0156, 0.0156, -0.01974592, 0.0156, 0.0156, -0.01984824, 0.0156, 0.0156, -0.01994181, 0.0156, 0.0156, -0.02002666, 0.0156, 0.0156, -0.02010322, 0.0156, 0.0156, -0.02017114, 0.0156, 0.0156, -0.02023097, 0.0156, 0.0156, -0.02028237, 0.0156, 0.0156, -0.02032567, 0.0156, 0.0156, -0.02036087, 0.0156, 0.0156, -0.02038776, 0.0156, 0.0156, -0.02040671, 0.0156, 0.0156, -0.02041752, 0.0156, 0.0156, -0.02042004, 0.0156, 0.0156, -0.02041453, 0.0156, 0.0156, -0.02040095, 0.0156, 0.0156, -0.02037892, 0.0156, 0.0156, -0.0203486, 0.0156, 0.0156, -0.02031001, 0.0156, 0.0156, -0.02026305, 0.0156, 0.0156, -0.02020748, 0.0156, 0.0156, -0.02014311, 0.0156, 0.0156, -0.02007005, 0.0156, 0.0156, -0.01998814, 0.0156, 0.0156, -0.01989724, 0.0156, 0.0156, -0.01979707, 0.0156, 0.0156, -0.0196873, 0.0156, 0.0156, -0.01956797, 0.0156, 0.0156, -0.01943888, 0.0156, 0.0156, -0.01929979, 0.0156, 0.0156, -0.01915039, 0.0156, 0.0156, -0.01899004, 0.0156, 0.0156, -0.0188188, 0.0156, 0.0156, -0.01863635, 0.0156, 0.0156, -0.01844233, 0.0156, 0.0156, -0.018236, 0.01203246, 0.0156, 0.0156, -0.01801694, 0.00972608, 0.0156, 0.0156, -0.01778495, 0.0074334, 0.0156, 0.0156, -0.01753951, 0.00516123, 0.0156, 0.0156, -0.01727925, 0.00158206, 0.0156, 0.0156, -0.01700417, -0.00060563, 0.0156, 0.0156, -0.01671366, -0.00274552, 0.0156, 0.0156, -0.0164058, -0.00606954, 0.0156, 0.0156, -0.01608074, -0.00805075, 0.0156, 0.0156, -0.01573667, -0.01362451, -0.01394668, 0.0156, 0.0156, -0.01537264, -0.01418872, 0.0156, 0.0156, -0.01498696, -0.01522295, 0.0156, 0.0156, -0.01457839, -0.01576293, 0.0156, 0.0156, -0.01414406, -0.01671875, 0.0156, 0.0156, -0.01368262, -0.01759641, 0.0156, 0.0156, -0.01319114, -0.01837815, 0.0156, 0.0156, -0.01266586, -0.01874849, 0.0156, 0.0156, -0.01210292, -0.01935274, 0.0156, 0.0156, -0.01149763, -0.01982845, 0.0156, 0.0156, -0.01084297, -0.02028163, 0.0156, 0.0156, -0.01013113, -0.02040964, -0.01330796, -0.01351975, 0.0156, 0.0156, -0.00935187, -0.02032941, -0.01524893, 0.0156, 0.0156, -0.00848821, -0.02009857, -0.01643959, 0.0156, 0.0156, -0.00751845, -0.01948949, -0.01817476, 0.0156, 0.0156, 0.01192233)
);

// Enviar las respuestas al cliente
echo json_encode($respuesta);




 /* if(posPxRayosX.length == posFinalRayosX.length){
	
	for(var i=0; i < posPxRayosX.length; i+=1){
		if(posPxRayosX[i] != posFinalRayosX[i]){
			console.log("Valor posPxRayosX: " + posPxRayosX[i] + " es distinto del valor posFinalRayosX: " + posFinalRayosX[i]);
		}
    }  
	console.log("Test posPxRayosX hecho");
  }else{
	  console.log("posPxRayosX tiene menos posiciones");
  }
  
  if(posPxRayosY.length == posFinalRayosY.length){
	  
	for(var i=0; i < posPxRayosY.length; i+=1){
		if(posPxRayosY[i] != posFinalRayosY[i]){
			console.log("Valor posPxRayosY: " + posPxRayosY[i] + " es distinto del valor posFinalRayosY: " + posFinalRayosY[i]);
		}
    }  
	console.log("Test posPxRayosY hecho");
  }else{
	  console.log("posPxRayosY tiene menos posiciones");
  }*/
   /* if(px_ColectorLX.length == posFinalColIzqX.length){
	
	for(var i=0; i < px_ColectorLX.length; i+=1){
		if(px_ColectorLX[i] != posFinalColIzqX[i]){
			console.log("Valor px_ColectorLX: " + px_ColectorLX[i] + " es distinto del valor posFinalColIzqX: " + posFinalColIzqX[i]);
		}
    }  
	console.log("Test px_ColectorLX hecho");
  }else{
	  console.log("PXColectorLX tiene menos posiciones");
  }
  
  if(px_ColectorRX.length == posFinalColDchX.length){
	  
	for(var i=0; i < px_ColectorRX.length; i+=1){
		if(px_ColectorRX[i] != posFinalColDchX[i]){
			console.log("Valor px_ColectorRX: " + px_ColectorRX[i] + " es distinto del valor posFinalColDchX: " + posFinalColDchX[i]);
		}
    }  
	console.log("Test px_ColectorRX hecho");
  }else{
	  console.log("PXColectorLX tiene menos posiciones");
  }
  
  if(px_ColectorY.length == posFinalColY.length){
	for(var i=0; i < px_ColectorY.length; i+=1){
		if(px_ColectorY[i] != posFinalColY[i]){
			console.log("Valor px_ColectorY: " + px_ColectorY[i] + " es distinto del valor posFinalColY: " + posFinalColY[i]);
		}
    } 
	console.log("Test px_ColectorY hecho");
  }else{
	  console.log("PXColectorLX tiene menos posiciones");
  }*/


function convertMtoPx(value, maxLimit, midPxCanvas){		 
    let positionPx =  (value *(midPxCanvas))/maxLimit;      
    return positionPx;
}



/*
function envioDatosRayos() {
    return new Promise(function(resolve, reject) {
		var nSim = 1;
		var incidencia = 45;
		var id = 3;
		
		 $.ajax({
			type: "POST",
			url: "TestRayos.php",
			data: { nSim: nSim, id: id ,incidencia: incidencia },
			dataType: "json",
			success: function(response) {
				console.log(response);

				// Acceder a las respuestas desde PHP en JavaScript
				
				var response1 = response.mensaje1;
				var response2 = response.mensaje2;
				
				var rayosX = response.rayosX;
				var rayosY = response.rayosY;
				document.getElementById("resultado").innerHTML = response.mensaje1;
				
				// Manejar las respuestas
				console.log("Respuesta 1 desde PHP: " + response1);
				console.log("Respuesta 2 desde PHP: " + response2);
				console.log("Respuesta 3 desde PHP: " + rayosX);
				console.log("Respuesta 4 desde PHP: " + rayosY);

				var rayos = [];
				rayos.push(rayosX);
				rayos.push(rayosY);
				
				
				// Resolver la promesa con la respuesta
                resolve(rayos)
				
			},
			error: function(error) {
				console.error(error);
				// Manejar errores
				
				// Rechazar la promesa con el error
				reject(error);
			}
		});
	});
	
	
}
*/



				// Acceder a las respuestas desde PHP en JavaScript
				
				
			
				/*let mensaje = response.mensaje;
				let rayosX = response.rayosX;
				let rayosY = response.rayosY*/
				
				
				/*let nRayos = response.nRayos;
				let startingIndex = response.startingIndex;
				let rayosX = response.rayosX;
				let rayosY = response.rayosY;
				
				
				
				// Manejar las respuestas
				console.log("Mensaje desde PHP nRayos: " + nRayos);
				console.log("Mensaje desde PHP startingIndex: " + startingIndex);
				console.log("Rayos X desde PHP rayosX: " + rayosX);
				console.log("Rayos Y desde PHP : " + rayosY);
				
				
				let rayos = [];
				rayos.push(rayosX);
				rayos.push(rayosY);*/




















  
  